35 [3, 5, 5]
30 [3, 2, 2]
32 [3, 3, 5]
6 [3, 2, 2]
45 [3, 3, 3]
13 [4, 3, 4]
12 [1, 2, 1]
28 [4, 2, 5]
23 [1, 4, 1]
41 [5, 1, 4]
43 [1, 4, 3]
11 [1, 3, 4]
36 [3, 2, 3]
39 [2, 1, 4]
7 [3, 1, 4]
25 [1, 1, 2]
34 [4, 2, 1]
10 [5, 1, 4]
18 [1, 5, 1]
26 [3, 5, 5]
27 [4, 2, 1]
42 [1, 5, 5]
16 [2, 2, 2]
20 [5, 2, 4]
19 [1, 4, 2]
44 [1, 4, 5]
9 [3, 3, 5]
31 [3, 1, 5]
29 [4, 3, 4]
21 [4, 5, 3]
38 [4, 1, 4]
24 [1, 3, 3]
8 [3, 2, 5]
17 [1, 4, 3]
37 [3, 1, 1]
22 [2, 3, 3]
14 [2, 3, 5]
33 [3, 1, 3]
40 [1, 5, 4]
15 [2, 5, 4]
